1.000000
0.998680
0.997361
0.996041
0.994722
0.993402
0.992083
0.990763
0.989444
0.988124
0.986805
0.985486
0.984166
0.982847
0.981528
0.980209
0.978889
0.977570
0.976251
0.974932
0.973613
0.972294
0.970976
0.969657
0.968338
0.967020
0.965701
0.964383
0.963064
0.961746
0.960428
0.959110
0.957792
0.956474
0.955156
0.953839
0.952521
0.951204
0.949886
0.948569
0.947252
0.945935
0.944618
0.943302
0.941985
0.940669
0.939352
0.938036
0.936720
0.935405
0.934089
0.932773
0.931458
0.930143
0.928828
0.927513
0.926199
0.924884
0.923570
0.922256
0.920942
0.919628
0.918314
0.917001
0.915688
0.914375
0.913062
0.911750
0.910438
0.909125
0.907814
0.906502
0.905190
0.903879
0.902568
0.901257
0.899947
0.898637
0.897327
0.896017
0.894708
0.893398
0.892089
0.890780
0.889472
0.888164
0.886856
0.885548
0.884241
0.882933
0.881627
0.880320
0.879014
0.877708
0.876402
0.875097
0.873792
0.872487
0.871182
0.869878
0.868574
0.867271
0.865967
0.864664
0.863362
0.862059
0.860758
0.859456
0.858155
0.856854
0.855553
0.854253
0.852953
0.851653
0.850354
0.849055
0.847757
0.846459
0.845161
0.843863
0.842567
0.841270
0.839974
0.838677
0.837382
0.836087
0.834792
0.833498
0.832204
0.830910
0.829617
0.828324
0.827032
0.825740
0.824449
0.823157
0.821867
0.820576
0.819287
0.817997
0.816708
0.815419
0.814131
0.812843
0.811556
0.810269
0.808983
0.807697
0.806412
0.805127
0.803842
0.802558
0.801275
0.799991
0.798709
0.797426
0.796145
0.794863
0.793583
0.792302
0.791022
0.789743
0.788464
0.787186
0.785908
0.784630
0.783354
0.782077
0.780802
0.779526
0.778251
0.776977
0.775703
0.774430
0.773157
0.771885
0.770613
0.769342
0.768072
0.766801
0.765532
0.764263
0.762995
0.761726
0.760459
0.759192
0.757926
0.756660
0.755396
0.754131
0.752867
0.751603
0.750341
0.749078
0.747817
0.746555
0.745295
0.744035
0.742776
0.741517
0.740259
0.739001
0.737744
0.736488
0.735232
0.733977
0.732722
0.731468
0.730215
0.728962
0.727710
0.726458
0.725208
0.723957
0.722708
0.721459
0.720211
0.718963
0.717716
0.716469
0.715224
0.713978
0.712734
0.711490
0.710247
0.709004
0.707763
0.706521
0.705281
0.704041
0.702802
0.701563
0.700325
0.699088
0.697851
0.696615
0.695380
0.694146
0.692912
0.691679
0.690447
0.689214
0.687984
0.686753
0.685524
0.684294
0.683067
0.681839
0.680612
0.679386
0.678161
0.676936
0.675712
0.674488
0.673266
0.672044
0.670823
0.669603
0.668383
0.667164
0.665946
0.664729
0.663512
0.662296
0.661081
0.659866
0.658653
0.657440
0.656228
0.655016
0.653806
0.652595
0.651387
0.650178
0.648970
0.647763
0.646558
0.645352
0.644148
0.642943
0.641741
0.640538
0.639337
0.638136
0.636937
0.635737
0.634539
0.633341
0.632145
0.630948
0.629754
0.628559
0.627366
0.626173
0.624981
0.623790
0.622600
0.621410
0.620221
0.619033
0.617846
0.616660
0.615475
0.614290
0.613106
0.611923
0.610741
0.609559
0.608379
0.607199
0.606021
0.604842
0.603666
0.602489
0.601314
0.600139
0.598965
0.597792
0.596620
0.595449
0.594279
0.593109
0.591940
0.590772
0.589605
0.588439
0.587274
0.586109
0.584946
0.583783
0.582622
0.581460
0.580301
0.579141
0.577983
0.576825
0.575669
0.574513
0.573358
0.572204
0.571051
0.569899
0.568748
0.567597
0.566448
0.565299
0.564151
0.563004
0.561859
0.560713
0.559569
0.558426
0.557284
0.556142
0.555002
0.553861
0.552723
0.551585
0.550448
0.549312
0.548177
0.547042
0.545909
0.544777
0.543646
0.542515
0.541385
0.540256
0.539129
0.538001
0.536876
0.535750
0.534627
0.533503
0.532381
0.531259
0.530139
0.529019
0.527901
0.526783
0.525667
0.524551
0.523436
0.522322
0.521210
0.520097
0.518987
0.517876
0.516767
0.515659
0.514552
0.513445
0.512340
0.511235
0.510132
0.509029
0.507928
0.506827
0.505727
0.504628
0.503531
0.502434
0.501338
0.500243
0.499149
0.498056
0.496964
0.495873
0.494783
0.493693
0.492606
0.491518
0.490432
0.489346
0.488263
0.487179
0.486097
0.485015
0.483935
0.482855
0.481777
0.480699
0.479623
0.478547
0.477473
0.476399
0.475326
0.474254
0.473184
0.472114
0.471045
0.469977
0.468911
0.467845
0.466780
0.465716
0.464654
0.463591
0.462531
0.461470
0.460412
0.459353
0.458297
0.457240
0.456186
0.455131
0.454079
0.453026
0.451976
0.450925
0.449877
0.448828
0.447782
0.446735
0.445690
0.444646
0.443603
0.442561
0.441520
0.440479
0.439441
0.438402
0.437365
0.436329
0.435294
0.434259
0.433227
0.432194
0.431163
0.430133
0.429104
0.428075
0.427049
0.426022
0.424997
0.423972
0.422950
0.421927
0.420906
0.419886
0.418867
0.417848
0.416831
0.415815
0.414800
0.413785
0.412773
0.411760
0.410749
0.409738
0.408730
0.407721
0.406714
0.405708
0.404703
0.403698
0.402695
0.401693
0.400692
0.399691
0.398693
0.397694
0.396697
0.395700
0.394706
0.393711
0.392718
0.391726
0.390735
0.389744
0.388755
0.387767
0.386780
0.385793
0.384808
0.383824
0.382841
0.381858
0.380878
0.379897
0.378918
0.377939
0.376963
0.375986
0.375011
0.374036
0.373064
0.372091
0.371120
0.370149
0.369180
0.368212
0.367245
0.366278
0.365313
0.364348
0.363386
0.362423
0.361462
0.360501
0.359542
0.358583
0.357626
0.356670
0.355715
0.354760
0.353807
0.352854
0.351903
0.350952
0.350003
0.349054
0.348107
0.347160
0.346215
0.345270
0.344327
0.343384
0.342442
0.341501
0.340562
0.339623
0.338686
0.337749
0.336813
0.335878
0.334945
0.334011
0.333080
0.332149
0.331219
0.330290
0.329362
0.328435
0.327509
0.326584
0.325660
0.324737
0.323815
0.322893
0.321974
0.321054
0.320136
0.319218
0.318302
0.317387
0.316473
0.315559
0.314647
0.313735
0.312825
0.311914
0.311006
0.310098
0.309192
0.308285
0.307381
0.306477
0.305574
0.304672
0.303771
0.302870
0.301972
0.301073
0.300176
0.299279
0.298384
0.297489
0.296596
0.295703
0.294812
0.293921
0.293031
0.292142
0.291255
0.290367
0.289481
0.288596
0.287712
0.286828
0.285946
0.285065
0.284185
0.283304
0.282426
0.281548
0.280672
0.279795
0.278921
0.278046
0.277173
0.276301
0.275430
0.274559
0.273690
0.272821
0.271953
0.271086
0.270221
0.269355
0.268492
0.267628
0.266766
0.265904
0.265044
0.264184
0.263326
0.262467
0.261611
0.260754
0.259900
0.259045
0.258192
0.257339
0.256488
0.255636
0.254787
0.253937
0.253090
0.252242
0.251396
0.250550
0.249706
0.248861
0.248019
0.247176
0.246336
0.245495
0.244656
0.243817
0.242979
0.242142
0.241306
0.240471
0.239637
0.238803
0.237970
0.237138
0.236308
0.235477
0.234648
0.233819
0.232992
0.232165
0.231339
0.230513
0.229689
0.228866
0.228043
0.227221
0.226400
0.225580
0.224761
0.223942
0.223124
0.222307
0.221491
0.220675
0.219861
0.219047
0.218235
0.217422
0.216611
0.215800
0.214991
0.214182
0.213374
0.212566
0.211760
0.210954
0.210149
0.209345
0.208541
0.207738
0.206937
0.206135
0.205335
0.204536
0.203737
0.202939
0.202142
0.201345
0.200550
0.199754
0.198960
0.198166
0.197374
0.196582
0.195791
0.195000
0.194211
0.193421
0.192633
0.191846
0.191059
0.190273
0.189488
0.188703
0.187919
0.187136
0.186354
0.185572
0.184791
0.184010
0.183231
0.182452
0.181674
0.180897
0.180120
0.179344
0.178569
0.177794
0.177020
0.176247
0.175475
0.174703
0.173932
0.173161
0.172392
0.171622
0.170854
0.170086
0.169319
0.168552
0.167787
0.167022
0.166258
0.165494
0.164731
0.163968
0.163207
0.162445
0.161685
0.160925
0.160166
0.159407
0.158650
0.157892
0.157136
0.156380
0.155625
0.154870
0.154116
0.153362
0.152610
0.151857
0.151106
0.150355
0.149605
0.148854
0.148106
0.147357
0.146609
0.145862
0.145115
0.144369
0.143623
0.142878
0.142134
0.141390
0.140647
0.139904
0.139162
0.138421
0.137680
0.136939
0.136200
0.135460
0.134722
0.133984
0.133247
0.132509
0.131773
0.131037
0.130302
0.129567
0.128833
0.128099
0.127366
0.126633
0.125901
0.125170
0.124439
0.123708
0.122978
0.122249
0.121520
0.120791
0.120064
0.119336
0.118609
0.117883
0.117157
0.116431
0.115706
0.114982
0.114258
0.113534
0.112812
0.112089
0.111367
0.110645
0.109924
0.109204
0.108484
0.107764
0.107045
0.106326
0.105608
0.104890
0.104173
0.103455
0.102739
0.102023
0.101307
0.100592
0.099877
0.099163
0.098449
0.097735
0.097023
0.096310
0.095598
0.094886
0.094175
0.093463
0.092753
0.092043
0.091333
0.090624
0.089915
0.089206
0.088498
0.087790
0.087083
0.086375
0.085669
0.084962
0.084257
0.083551
0.082846
0.082141
0.081437
0.080732
0.080029
0.079325
0.078622
0.077919
0.077217
0.076515
0.075813
0.075112
0.074411
0.073710
0.073010
0.072310
0.071610
0.070911
0.070212
0.069513
0.068814
0.068116
0.067418
0.066720
0.066023
0.065326
0.064630
0.063933
0.063237
0.062541
0.061845
0.061150
0.060455
0.059760
0.059066
0.058371
0.057678
0.056984
0.056290
0.055597
0.054904
0.054211
0.053519
0.052827
0.052135
0.051443
0.050751
0.050060
0.049369
0.048678
0.047987
0.047297
0.046607
0.045917
0.045227
0.044537
0.043848
0.043158
0.042470
0.041781
0.041092
0.040403
0.039715
0.039027
0.038339
0.037651
0.036964
0.036276
0.035589
0.034902
0.034215
0.033528
0.032842
0.032155
0.031469
0.030783
0.030097
0.029411
0.028725
0.028039
0.027354
0.026668
0.025983
0.025298
0.024613
0.023928
0.023243
0.022558
0.021873
0.021189
0.020504
0.019820
0.019136
0.018452
0.017767
0.017083
0.016399
0.015716
0.015032
0.014348
0.013664
0.012981
0.012297
0.011614
0.010930
0.010247
0.009564
0.008880
0.008197
0.007514
0.006831
0.006148
0.005464
0.004781
0.004098
0.003415
0.002732
0.002049
0.001366
0.000683
0.000000
